Current folder is /home/salvatore.andaloro
--- PARCO-H1 - Salvatore Andaloro ---
Printing the result of the sequential code to verify correctness...
Time taken for the symmetry check: 0.000000478s
Time taken for matrix transposition: 0.000000409s
- Input matrix -
  1804289408    846930880   1681692800 
  1714636928   1957747840    424238336 
   719885376   1649760512    596516672 
- Transposed matrix -
  1804289408   1714636928    719885376 
   846930880   1957747840   1649760512 
  1681692800    424238336    596516672 

Printing the result of the cache-optimized code to verify correctness...
Time taken for the symmetry check: 0.000000578s
Time taken for matrix transposition: 0.000000718s
- Input matrix -
  1804289408    846930880   1681692800 
  1714636928   1957747840    424238336 
   719885376   1649760512    596516672 
- Transposed matrix -
  1804289408   1714636928    719885376 
   846930880   1957747840   1649760512 
  1681692800    424238336    596516672 

Printing the result of the OpenMP code to verify correctness...
Time taken for the symmetry check: 0.000040378s
Time taken for matrix transposition: 0.000027582s
- Input matrix -
  1804289408    846930880   1681692800 
   719885376   1649760512    596516672 
  1714636928   1957747840    424238336 
- Transposed matrix -
  1804289408    719885376   1714636928 
   846930880   1649760512   1957747840 
  1681692800    596516672    424238336 
The measured bandwidth of the system is 11.976001 GB/s.

Running the codes now... The results will be stored in results/times.csv.
 Refer to the README for more information.

Running sequential_O3...
Command: gcc-9.1.0 -O3 -march=native sequential.c)
64... 128... 256... 512... 1024... 2048... 4096... 

Running cache_unrolled...
Command: gcc-9.1.0 -O1 -march=native -funroll-loops -fstrict-aliasing cache_optimized.c)
64... 128... 256... 512... 1024... 2048... 4096... 

Running sequential_vectorized...
Command: gcc-9.1.0 -O1 -ftree-vectorize -march=native -fstrict-aliasing sequential.c)
64... 128... 256... 512... 1024... 2048... 4096... 

Running sequential...
Command: gcc-9.1.0 -O1 sequential.c)
64... 128... 256... 512... 1024... 2048... 4096... 

Running cache_vectorized...
Command: gcc-9.1.0 -O1 -ftree-vectorize -march=native -fstrict-aliasing cache_optimized.c)
64... 128... 256... 512... 1024... 2048... 4096... 

Running cache_O1...
Command: gcc-9.1.0 -O1 cache_optimized.c)
64... 128... 256... 512... 1024... 2048... 4096... 

Running cache_O3...
Command: gcc-9.1.0 -O3 -march=native cache_optimized.c)
64... 128... 256... 512... 1024... 2048... 4096... 

Running sequential_unrolled...
Command: gcc-9.1.0 -O1 -funroll-loops -march=native -fstrict-aliasing sequential.c)
64... 128... 256... 512... 1024... 2048... 4096... 

Running openmp_O3...
Command: gcc-9.1.0 -O3 -march=native -fopenmp openmp.c)
64... 128... 256... 512... 1024... 2048... 4096... 

--- DONE! ---
